8.790403037369924899e-01 1.006992979472330241e+00 1.459239436976550897e+00 3.134733932374902388e-01 -1.012451487796429905e+00
-3.965180860442539812e-01 -1.162331237080280744e+00 -1.464064718574613844e+00 2.521617045217434266e-02 8.710131532084112171e-01
9.601903905905692094e-01 4.567937505221852379e-01 7.551299914728295537e-01 -4.188730463219368927e-01 -5.485893032900491795e-01
-1.307479901934068156e+00 -8.669747188867770182e-01 6.144893581481352118e-01 1.374259429254415465e+00 -4.239641104190473575e-01
1.318271651748737394e+00 8.267828917172308500e-01 -3.944339930138923145e-01 -6.005527303587141486e-01 -9.910196421668480138e-01
-1.262614596433311309e+00 2.038509321329386115e+00 -1.463153157845907382e+00 -1.301146042765098709e+00 -9.283552438422234543e-01
2.279982625278008934e-01 -1.102520404370652241e+00 4.348718973074768290e-01 8.844048101408374940e-01 1.299597687050626948e+00
-1.369889989052698542e+00 -5.621745971490066385e-01 9.339094374572786128e-01 1.171561587075048871e+00 1.019582288362787859e+00
-1.268993605165343319e-01 -5.437046335271151776e-01 2.824025837528802985e-01 4.115729905897076435e-01 -8.487436015808880185e-01
1.077901325376765085e+00 -9.137335202729771066e-02 -1.158390835680738418e+00 -1.859916561303924354e+00 1.562930260473659905e+00
